-0.692 0 0.427 
0 0.427 -0.692 
0 0.427 0.692 
0.692 0 -0.427 
-0.427 -0.692 0 
-0.427 0.692 0 
0 -0.427 0.692 
0.427 0.692 0 
0 -0.427 -0.692 
0.692 0 0.427 
0.427 -0.692 0 
-0.692 0 -0.427 
-0.265497 -0.557004 0.0653533 
-0.306558 -0.431279 0.064884 
0.412579 0.415588 -0.280911 
0.00506915 0.215545 0.412333 
0.247369 -0.140146 0.356712 
0.333056 0.336495 -0.034934 
-0.149158 -0.107831 0.215181 
-0.253894 -0.308739 0.515441 
0.269643 -0.518747 -0.253134 
0.36503 0.623107 -0.0130248 
-0.517759 -0.163923 -0.401071 
-0.0141661 -0.058143 -0.0753087 
-0.0172046 0.202497 0.406861 
0.425623 -0.309981 0.284792 
0.291614 -0.466945 0.199242 
-0.527307 -0.0608506 -0.00226415 
0.379101 0.636286 0.102076 
-0.220906 0.521432 0.118011 
0.275522 -0.12087 0.54101 
-0.106339 0.635659 0.112044 
0.0653463 -0.473248 -0.500144 
0.43497 -0.277033 -0.354961 
0.160606 0.385994 -0.0369682 
0.457867 0.406339 0.118006 
0.130793 0.0688175 0.322193 
0.248871 0.355965 -0.149028 
0.351161 0.0851955 -0.165463 
-0.404034 0.0938652 0.0378821 
-0.203777 0.0426238 0.128468 
0.0952519 -0.145447 -0.0423634 
-0.225422 -0.154219 -0.46754 
-0.261278 0.501947 0.0394899 
0.141143 -0.0388118 -0.328048 
-0.221136 0.213245 0.0413013 
0.261873 0.299083 0.343442 
0.00760993 0.572059 0.080644 
-0.481109 0.00441499 0.450931 
-0.0519357 0.0530659 0.0644833 
0.49056 -0.0793333 0.144256 
-0.18935 0.510273 0.248455 
-0.575141 -0.212813 -0.138701 
0.415295 0.221605 -0.0949233 
-0.584661 0.110311 0.1763 
0.249517 0.488595 0.0469634 
0.168924 -0.0848851 -0.206282 
-0.415821 0.0183374 -0.501006 
-0.135898 -0.162851 -0.586862 
0.00660306 -0.359906 0.446485 
-0.348979 -0.0148743 0.0609736 
0.522272 -0.152601 -0.400942 
-0.357499 -0.31451 -0.132986 
0.104089 0.356385 -0.609265 
-0.08962 -0.367065 0.0731876 
0.427846 0.206376 -0.334518 
0.320704 -0.512292 0.20448 
-0.00923564 -0.0679216 -0.168155 
0.0650603 0.302362 -0.281892 
-0.293678 0.338655 0.170835 
-0.259489 -0.438021 -0.158177 
-0.182017 -0.216001 0.173856 
0.437024 0.387835 0.234291 
-0.0574403 0.381586 -0.271798 
-0.0182804 0.568222 -0.0887717 
-0.0157531 -0.0736513 0.354013 
-0.268012 -0.542442 0.011776 
-0.147272 0.0149078 0.512338 
0.439597 -0.192569 0.408047 
0.577291 0.199736 0.0606268 
-0.168005 -0.498041 0.431227 
0.0694164 -0.154157 0.169506 
0.38709 0.12047 -0.0323329 
-0.404485 0.055551 -0.275075 
-0.088993 -0.0373472 -0.261434 
-0.096593 0.18416 -0.436214 
0.116785 0.560355 0.31369 
0.249683 -0.538211 0.286933 
-0.334838 -0.467337 -0.126332 
-0.506909 0.131336 -0.0698144 
-0.329099 -0.633797 0.142335 
-0.24225 -0.281401 0.215599 
-0.250811 -0.110457 -0.104953 
0.390162 0.0108759 -0.535342 
-0.0157652 -0.21545 0.108679 
-0.0569532 -0.396139 0.640915 
0.146605 0.0647791 -0.378453 
0.029252 -0.429171 -0.371473 
-0.136225 -0.0153655 -0.120006 
0.171699 -0.456509 0.247924 
-0.278112 -0.144607 0.188872 
-0.238328 -0.227866 -0.513372 
0.248743 -0.287926 -0.50301 
-0.544242 0.00273255 0.2128 
0.386208 -0.295364 0.297611 
0.541037 -0.200197 -0.229518 
-0.105214 0.337799 0.262685 
3.10515e-05 -0.340543 -0.0277878 
-0.136297 0.560136 -0.325964 
0.152055 0.601003 0.16285 
-0.0380251 0.497468 0.153508 
0.422797 -0.0160518 0.106183 
0.0200951 -0.438835 -0.352893 
-0.0139765 -0.262744 -0.459589 
0.294369 0.341715 0.000652732 
-0.245614 -0.0400137 -0.251567 
0.231286 -0.558126 -0.29107 
-0.371066 0.307856 0.283338 
-0.10765 0.0257354 0.6035 
0.198163 0.415658 -0.0377387 
-0.063944 -0.0872849 -0.0935702 
-0.353862 0.450234 0.00819247 
-0.150942 0.162212 0.45863 
-0.430307 0.419856 -0.142577 
-0.11515 0.162314 0.217094 
-0.441747 0.177115 0.0207928 
-0.287894 0.44929 -0.0945948 
-0.453789 -0.544997 -0.00997921 
-0.176585 -0.421671 -0.417804 
0.504202 -0.0142723 -0.409391 
-0.106796 0.0885274 0.0662533 
0.0752623 -0.274786 -0.262282 
0.278321 -0.525022 0.230213 
0.329102 0.054151 -0.35607 
0.274178 0.446837 0.230475 
0.241111 -0.455168 0.331188 
-0.0601896 -0.181419 0.185876 
-0.0543553 0.041192 0.666587 
-0.00294871 -0.475536 -0.227256 
0.492044 -0.342092 0.200354 
-0.368593 -0.171239 -0.452342 
-0.427762 0.132838 -0.0992979 
0.31402 -0.0248815 0.522561 
-0.525074 0.286709 0.123878 
-0.367084 -0.378956 -0.0304539 
0.342306 -0.3435 0.214137 
-0.29003 -0.583955 0.162054 
-0.216074 -0.409997 0.116352 
-0.239848 0.439781 -0.239796 
-0.331152 0.220347 0.130589 
-0.103441 0.373632 -0.259197 
-0.011415 -0.468505 -0.0163533 
-0.444588 -0.0980888 -0.106726 
0.136357 0.65706 -0.0402408 
0.343931 0.271194 0.186151 
0.276645 -0.592103 0.191727 
0.184575 -0.645492 0.0400262 
-0.241746 0.0427162 0.18147 
0.0222102 0.442854 0.310644 
-0.232043 0.0433661 0.344075 
-0.241998 0.253226 -0.545809 
0.25088 0.153567 -0.582882 
0.385862 -0.0568322 -0.105941 
0.0374273 -0.303089 -0.329324 
-0.0829222 -0.0230088 0.0375656 
0.31127 -0.358861 -0.116585 
0.243753 -0.0349897 -0.291935 
-0.215264 -0.378901 0.388239 
-0.0706506 0.24266 0.0139907 
-0.314629 -0.0519704 -0.0428825 
-0.0741493 0.373901 0.651787 
-0.245699 -0.270346 0.394079 
-0.394289 -0.0396417 -0.349342 
-0.0188624 0.306913 -0.128017 
-0.0366954 -0.393569 -0.480634 
0.0557089 -0.219884 0.308666 
0.148627 -0.299368 -0.426625 
0.0593211 0.329983 0.3542 
0.532761 -0.294103 0.128832 
0.121622 0.289646 0.207297 
-0.0690094 0.655898 -0.0571239 
0.0459896 0.224132 0.224624 
0.374075 0.288229 -0.207298 
-0.116037 -0.0921333 0.47323 
-0.337086 -0.217202 0.15703 
0.0563832 -0.319615 0.511998 
0.49418 -0.325546 -0.199834 
0.201444 0.643494 -0.0284229 
0.0618871 0.3597 0.203879 
-0.424528 0.0607381 -0.204016 
0.305929 -0.42032 0.0311335 
0.468152 -0.0714519 0.0751634 
-0.18571 -0.524722 0.36469 
-0.398338 0.177009 -0.0121249 
-0.647192 0.0277526 0.157682 
-0.210766 0.326182 -0.484404 
0.15989 0.119151 0.22508 
-0.355985 -0.528139 -0.0797152 
-0.258717 0.25991 0.515008 
-0.194828 -0.368637 0.327095 
0.426353 -0.145725 0.07824 
0.00512559 -0.0798493 0.230321 
-0.0969888 0.395796 0.536675 
-0.0488832 -0.150603 0.530116 
0.372454 0.203959 -0.142841 
0.353027 0.26789 -0.169685 
0.117764 -0.39303 -0.54618 
-0.373691 -0.238649 -0.231256 
0.23703 0.262106 -0.0849154 
0.121828 -0.486741 -0.477823 
-0.128775 0.192921 0.344209 
0.0420282 0.0471447 0.39029 
0.247255 -0.0660932 -0.00667501 
-0.0553228 -0.429441 0.240314 
-0.00691194 -0.447097 -0.48771 
0.485386 -0.243758 0.0838144 
0.272187 0.45761 0.114583 
0.505767 -0.125543 0.155792 
0.0383092 -0.667796 -0.0283396 
-0.376665 -0.4549 -0.00263749 
0.103331 -0.413312 0.477727 
0.350313 0.330278 0.416417 
0.119006 0.119141 -0.350519 
-0.00415958 0.23032 0.125907 
-0.57646 0.0952075 0.174328 
0.372336 0.137988 0.112722 
0.501992 0.117802 -0.0217336 
-0.120111 0.47728 -0.512726 
-0.402183 0.150772 0.0723712 
-0.647724 -0.0663435 0.158763 
-0.0207401 -0.190423 -0.598654 
0.327278 -0.489223 -0.109539 
0.257723 0.187114 -0.371927 
-0.0891392 0.270106 0.337409 
-0.00122344 -0.224138 0.0495487 
-0.520478 0.311508 -0.0133455 
0.467109 0.488549 -0.141119 
0.0899317 -0.206359 0.194192 
-0.159328 -0.114832 -0.138774 
0.167407 -0.178594 0.102014 
-0.144605 0.329173 -0.143278 
-0.0466172 0.395214 0.344794 
0.0185143 0.317392 -0.446198 
0.327049 -0.140352 0.216663 
-0.274992 -0.108773 -0.282981 
0.429608 -0.231216 -0.253522 
-0.0455776 0.531583 0.205107 
-0.210535 -0.579792 -0.0746991 
-0.236094 -0.616933 -0.180502 
-0.446883 0.410851 0.225326 
0.0553352 -0.00893809 0.286374 
-0.293617 -0.598751 -0.118301 
-0.172966 -0.0486615 0.482433 
0.365317 -0.187244 0.440394 
0.0302898 -0.14592 -0.227185 
-0.441921 0.242741 -0.23069 
-0.04364 -0.0949917 0.570391 
-0.437075 -0.305111 0.134541 
0.108172 -0.276887 -0.203434 
0.383008 0.546599 -0.179672 
0.167539 -0.266604 0.588331 
-0.232384 0.12605 -0.280472 
-0.049049 0.00751255 0.61994 
0.361813 0.0718745 0.181401 
0.0467404 0.188629 -0.540931 
-0.218715 0.450919 0.226496 
-0.224073 0.220901 -0.285141 
-0.317713 0.340898 0.196916 
0.418262 0.232396 -0.232258 
0.1432 0.291341 0.0361258 
0.213521 0.317918 -0.358933 
0.143711 -0.29344 -0.161588 
0.266464 0.387694 0.0784311 
-0.00691344 -0.143215 0.532924 
-0.307334 -0.224784 -0.356343 
-0.515002 0.376551 0.0685635 
0.150104 -0.0204425 0.386215 
0.540418 -0.000841187 0.413761 
-0.159836 0.324328 0.457732 
-0.346464 -0.569478 0.0043632 
0.252687 -0.539271 -0.0709881 
-0.52939 0.23813 0.194754 
0.212876 -0.398745 0.344798 
0.332205 0.289353 -0.367 
-0.184852 -0.555855 -0.181029 
0.273328 0.256079 -0.393123 
0.135551 0.384517 0.40048 
-0.580261 -0.183168 -0.131063 
-0.375129 -0.270223 0.196446 
0.111951 -0.0214792 0.475927 
-0.481846 -0.154908 0.390194 
-0.285012 -0.417452 -0.363476 
-0.147559 0.0427272 -0.420015 
-0.310735 -0.288467 0.168441 
-0.380021 -0.0934408 -0.297843 
0.215209 0.153464 -0.540099 
0.0616887 0.600324 -0.210501 
-0.432554 0.0373217 -0.323608 
-0.513733 -0.143927 0.160292 
-0.0974828 0.34646 -0.0667929 
0.356203 0.152042 0.230636 
-0.609786 0.0553981 -0.254917 
0.318673 0.377447 0.387163 
0.271863 -0.0157125 -0.51854 
-0.643326 -0.106417 -0.17686 
0.393315 0.0431937 -0.031666 
-0.541396 -0.0821371 0.182365 
-0.301998 -0.516924 0.0232581 
-0.0445964 -0.252608 -0.544593 
-0.254062 -0.223199 -0.390892 
0.543805 0.0246062 0.281261 
-0.0321376 0.0771413 -0.643297 
0.501433 0.0799799 0.444689 
0.135953 0.169536 0.452256 
0.317654 -0.135377 0.324614 
0.16701 0.119665 -0.478352 
0.0875102 -0.164218 0.587138 
-0.468991 0.145648 0.357228 
-0.206525 0.323607 0.256781 
-0.289306 -0.284898 -0.251023 
0.042391 0.102268 0.460074 
0.195509 0.134926 -0.615296 
0.404843 -0.0656119 0.192625 
-0.107058 -0.243132 -0.194305 
0.654188 0.0807138 0.00724519 
0.335683 0.583278 -0.104721 
0.0963427 -0.0977716 -0.0742563 
-0.252552 -0.373722 0.212707 
0.134242 0.632399 0.0973613 
-0.121539 -0.359178 -0.614655 
0.365235 0.00830636 0.358909 
-0.453895 0.333057 0.0401719 
0.337265 0.0477716 -0.545406 
0.252836 0.25128 -0.03816 
-0.0508474 -0.234153 -0.398366 
-0.23625 -0.465619 0.222141 
0.0565836 -0.00609181 0.248752 
0.427938 -0.125248 0.344089 
0.0346625 -0.537237 -0.241046 
-0.195699 0.064286 -0.289723 
-0.139949 -0.23832 -0.117511 
-0.333504 -0.441859 0.0625668 
0.335374 -0.465699 0.14347 
0.573201 0.107114 -0.356586 
-0.0829907 0.556462 -0.335463 
-0.0787031 0.348694 0.0867523 
0.236944 -0.21149 0.297854 
0.376063 0.196612 0.180182 
-0.112037 0.54337 -0.151185 
-0.25268 0.226674 0.435323 
0.255156 0.400078 -0.138288 
-0.310196 0.210992 0.200693 
0.145307 -0.113228 -0.156052 
0.312473 -0.0853342 -0.179418 
-0.382302 -0.260085 -0.174988 
0.193921 0.361053 -0.442026 
0.308872 -0.241078 -0.211146 
-0.122267 0.222294 -0.327517 
-0.160726 -0.018797 0.176248 
0.433348 -0.0684751 -0.161504 
0.104485 0.0622668 0.0415916 
0.0499447 -0.311303 0.232422 
-0.347898 -0.580127 -0.0669319 
0.20314 -0.376845 -0.490292 
0.0493592 0.196965 -0.571485 
0.160065 0.418095 0.414712 
0.0472464 0.416121 0.533337 
-0.268804 0.616682 -0.143389 
-0.38067 0.369295 0.0709986 
-0.226008 -0.296321 0.224736 
-0.283018 0.434774 0.249367 
0.167877 0.03854 -0.261836 
-0.122355 -0.37493 0.142051 
-0.0957536 0.34672 0.310731 
0.11561 0.501102 0.0716808 
0.252043 0.115662 0.106865 
0.0163588 0.417924 -0.577692 
-0.460748 0.303885 0.190292 
-0.212515 0.152446 0.534977 
0.550575 -0.0627023 0.294073 
-0.119817 -0.103007 -0.390659 
0.0382781 -0.518094 -0.375633 
-0.500273 0.317646 0.0193682 
-0.0311508 0.57661 0.171224 
0.449156 -0.36476 0.216148 
-0.554852 0.224569 -0.0141669 
0.0792965 0.190329 0.377133 
0.427836 -0.260275 0.400445 
-0.444288 0.311922 -0.222885 
-0.402862 0.178431 -0.511076 
0.00177555 0.270374 -0.0944979 
0.431258 -0.0551825 -0.0198581 
0.322635 0.545916 0.0926655 
-0.501636 -0.0778194 -0.152233 
0.035542 0.591461 0.0912127 
0.577811 0.195011 0.295586 
0.132912 0.163779 0.369806 
-0.21689 0.2465 0.603462 
0.31913 -0.233405 0.202725 
-0.438083 0.461082 0.131786 
-0.140777 0.379633 0.345754 
-0.215454 0.463945 -0.283201 
-0.245715 0.559052 0.0723301 
0.068243 -0.314542 -0.234694 
-0.472003 0.165349 0.272078 
-0.192879 -0.424021 0.355009 
-0.0105944 -0.273383 0.269525 
0.420473 -0.198093 0.0264125 
0.225113 -0.56949 -0.302402 
0.292202 -0.0617887 0.172409 
0.538617 0.125402 0.0443075 
-0.441322 -0.209282 0.0818431 
-0.0673446 -0.346624 -0.358587 
-0.169806 0.297622 -0.550358 
-0.341393 0.319774 -0.113439 
-0.501336 -0.0876381 0.466024 
0.321485 -0.500175 -0.160763 
0.122082 -0.283368 -0.185239 
0.0052326 -0.0319284 -0.0144014 
-0.203252 0.407543 -0.0699701 
0.264897 0.242356 0.241487 
-0.192345 -0.414077 0.166465 
0.209468 -0.173483 -0.371967 
-0.258447 -0.133568 -0.00234548 
-0.23419 -0.210357 -0.119448 
0.15973 -0.561519 -0.257552 
0.235901 -0.626396 0.0518043 
-0.218155 0.306743 0.326577 
0.318019 0.40784 0.193043 
0.0621498 0.188499 0.257733 
-0.616168 0.0776144 -0.271733 
0.411138 0.306907 0.0631633 
0.401321 -0.29625 -0.141883 
0.469134 -0.394845 -0.0923674 
0.0840274 -0.56809 -0.319577 
0.133893 0.344642 0.63241 
0.00538068 -0.52475 0.203185 
-0.500005 -0.038703 -0.0338071 
0.238883 -0.190356 -0.465016 
-0.357637 0.233221 0.0517063 
-0.407619 0.0828195 0.116428 
-0.295317 -0.144124 0.416335 
-0.0678948 0.548218 0.172022 
0.134977 0.0831875 0.531479 
0.0680348 0.423953 0.316087 
0.27983 0.106233 -0.216389 
-0.156385 0.202482 -0.2525 
0.0293449 -0.505736 -0.176719 
0.233155 -0.47893 -0.405821 
-0.155095 0.212929 0.578644 
-0.592281 0.00513638 -0.12909 
-0.0557152 0.231033 -0.527765 
0.482389 -0.0213852 -0.481606 
0.355341 0.19485 -0.114806 
-0.423961 0.393642 -0.22637 
0.363418 0.00045544 0.529361 
0.239745 -0.232262 0.227363 
0.0374344 -0.522024 -0.0753889 
-0.128271 -0.255724 -0.311003 
-0.479364 0.299871 -0.25613 
-0.152203 -0.125034 -0.00290233 
0.372527 0.26961 -0.189464 
0.462767 0.195508 0.151727 
-0.240758 -0.119793 -0.0603084 
0.241891 -0.241058 -0.0851038 
-0.557785 -0.0860569 0.304826 
-0.124026 -0.2424 0.55558 
0.546304 -0.172042 -0.0559899 
0.0644304 -0.22507 0.0856975 
-0.106583 -0.144182 -0.390551 
-0.140987 -0.557285 0.0212682 
-0.348415 0.218022 -0.0682014 
0.624067 -0.0943993 0.30773 
-0.114578 -0.13829 -0.0811695 
0.572026 0.0980404 0.401926 
-0.210208 0.0213945 0.25889 
-0.234336 0.121183 -0.0968775 
-0.08832 0.340541 0.452055 
0.157049 0.425648 0.440999 
0.0152019 0.534549 -0.114908 
0.550646 -0.320494 0.129213 
0.156128 0.29081 0.44208 
0.173039 0.0441346 0.521972 
-0.412328 -0.21575 -0.0638114 
0.301277 -0.0997713 -0.0765995 
0.139385 0.27042 -0.110078 
-0.284369 0.0235147 0.19469 
0.0784654 0.274669 -0.475411 
0.349251 0.0858856 -0.0775512 
0.269608 0.513553 -0.101786 
0.32024 -0.264565 -0.193717 
-0.0301371 -0.0633701 0.110242 
-0.157236 -0.261311 0.381368 
-0.0964955 0.380031 0.268154 
0.393378 0.0805503 0.284511 
-0.152336 0.527429 0.125812 
-0.166832 -0.056218 -0.240025 
0.233955 -0.171641 0.000292476 
-0.048605 -0.390297 -0.157313 
0.459795 0.145691 0.162468 
-0.550697 0.0278591 -0.153657 
0.146647 0.564744 0.162098 
-0.542505 -0.31402 0.0235235 
0.00710421 -0.330734 -0.316352 
0.0108628 -0.357907 0.118483 
-0.210683 0.363836 0.323382 
0.538392 0.023499 0.384124 
-0.488341 0.125229 -0.0577163 
-0.0821616 0.31794 0.611616 
0.396614 0.215785 0.3027 
-0.0665071 -0.309632 0.470141 
-0.669228 0.0451509 -0.163991 
0.0745797 0.0541026 0.249211 
-0.222956 -0.183809 0.465345 
-0.360822 -0.0068641 0.10923 
-0.129021 0.0820551 -0.536141 
-0.184375 -0.0777174 0.398248 
-0.276545 -0.260233 -0.136481 
-0.133378 -0.590758 -0.151997 
0.603643 -0.193139 0.0407397 
-0.497887 0.22278 -0.33198 
0.190951 -0.571848 0.130515 
0.450248 -0.280183 0.159064 
-0.103996 0.333106 -0.527017 
0.0285543 -0.00682738 0.305098 
0.252628 0.394537 0.301651 
-0.58946 0.241861 -0.146865 
-0.171475 -0.430175 0.172586 
0.0465986 -0.449949 0.213961 
-0.491238 -0.0239828 -0.171143 
-0.171601 0.252117 0.0329116 
0.046108 -0.325416 0.298334 
0.578566 -0.0960544 0.111049 
0.249173 -0.31172 0.285036 
0.0723968 -0.0251047 -0.390138 
-0.458827 0.376955 -0.172854 
-0.376409 0.0184089 -0.178723 
0.314078 -0.251862 -0.123208 
0.150351 0.2493 0.56771 
-0.189084 0.566192 -0.282956 
0.126767 -0.053894 -0.231721 
0.12562 -0.64608 -0.0231346 
0.0448782 0.426548 0.299632 
-0.226238 0.274324 -0.432205 
-0.0360487 -0.246453 -0.542179 
-0.133062 -0.389083 0.0672158 
0.0729813 -0.542706 -0.311661 
-0.158084 -0.357762 -0.576304 
-0.355487 0.0748739 -0.478643 
0.197759 0.315914 0.143746 
-0.448677 0.311255 -0.193247 
-0.376383 0.27627 -0.159963 
0.173353 0.282144 0.0595981 
-0.294201 0.424549 0.0022962 
0.0526615 0.36198 0.425782 
0.363173 -0.529609 0.105261 
-0.276994 0.342765 -0.168427 
0.20142 0.329967 -0.521464 
0.407961 0.00608664 0.400963 
-0.21139 -0.116539 -0.564468 
0.517002 -0.0947885 0.104747 
0.0446798 -0.0682934 -0.305322 
0.237269 -0.23313 0.466644 
-0.613205 0.0437389 -0.0687518 
0.258307 -0.109918 0.303695 
0.00307383 0.207656 0.457879 
0.31405 -0.0364871 -0.174595 
-0.239231 0.11291 0.490403 
-0.297804 -0.000381014 0.131444 
0.14479 0.639631 0.0726169 
-0.434883 -0.101745 -0.424833 
0.0193409 -0.219165 0.0139302 
-0.481705 0.461257 -0.142401 
0.196162 -0.173384 -0.491665 
0.336921 -0.565346 -0.158661 
0.446721 0.101392 -0.423478 
0.400986 -0.307275 -0.366252 
0.0539775 -0.0719407 -0.636147 
0.0959917 0.385736 -0.60702 
-0.581002 -0.00513619 0.224536 
0.196964 -0.0749771 -0.385768 
0.113379 0.466486 -0.23937 
-0.654664 0.00830325 -0.22301 
0.632966 0.152847 0.16644 
0.431194 0.138763 -0.173776 
-0.410934 0.105258 -0.534225 
0.429909 0.00984165 -0.133081 
-0.567442 -0.0411982 -0.247818 
-0.382044 0.01579 0.480526 
-0.227861 0.0782732 -0.584975 
0.0406341 -0.131015 0.456696 
-0.266545 0.496523 -0.0656125 
0.400016 -0.119737 -0.252119 
0.0554452 -0.540117 -0.168831 
-0.318481 -0.461258 0.0340981 
0.291206 0.262272 -0.260386 
-0.288001 -0.288623 -0.024519 
0.138877 0.468146 -0.0795086 
0.117251 0.133999 0.620182 
0.117144 -0.0951061 -0.29741 
-0.0117193 0.453581 0.294415 
-0.427675 -0.485491 -0.0795385 
-0.555265 -0.147518 0.0743397 
0.451978 -0.0124013 0.24479 
-0.26271 -0.404677 0.138935 
-0.251743 0.152172 -0.506806 
-0.0886583 0.237305 -0.052514 
0.0982516 0.493867 -0.457042 
-0.505336 0.0722102 0.0610879 
0.151702 0.422208 -0.0920075 
-0.0672972 -0.0351163 -0.162418 
0.0820768 0.400867 0.46881 
-0.187827 0.642861 0.0447723 
0.382678 0.292933 -0.425207 
0.514124 -0.344957 -0.237094 
0.547855 0.207763 -0.275781 
0.186915 0.120435 0.55125 
-0.119181 -0.164672 -0.264155 
0.418441 -0.326854 0.169933 
0.41833 -0.476821 -0.10487 
-0.470371 0.316748 -0.150652 
-0.00227864 0.120369 0.427643 
0.190395 -0.198592 -0.604076 
-0.590631 -0.182496 0.125932 
-0.146145 0.5677 0.267914 
-0.423828 0.299048 -0.093603 
0.193932 0.344837 0.338532 
0.0814076 0.206358 -0.437561 
-0.256003 -0.00283884 0.155195 
0.23656 -0.133554 0.20783 
-0.240949 -0.3712 -0.0181555 
-0.143534 0.392416 0.283827 
0.378683 0.0810457 0.100465 
0.0485329 -0.422095 0.641996 
0.0428548 -0.0808139 0.555272 
0.209148 0.0561218 0.603125 
-0.0941388 -0.513137 0.0590511 
-0.533795 0.293982 0.175257 
-0.0297913 0.220083 -0.33654 
0.287963 -0.181177 0.550494 
0.12541 -0.306163 0.451226 
0.526388 -0.0104113 -0.039995 
0.118053 -0.128081 -0.154411 
0.476771 0.250011 0.15961 
0.0253022 -0.17077 -0.369272 
0.52202 -0.0842985 0.394236 
0.145614 -0.0485033 0.0419976 
-0.229288 -0.54633 0.13376 
0.27966 0.329507 -0.169602 
-0.384808 0.325179 -0.0119661 
0.372802 0.0555065 0.275171 
-0.140102 -0.440139 0.475826 
-0.563303 -0.00866308 -0.0505309 
0.315127 -0.0623269 -0.278046 
-0.201903 0.0297617 0.388137 
0.293157 -0.0876672 -0.198744 
-0.565917 0.0890487 0.130147 
-0.0153627 0.0251364 -0.387091 
0.0509143 0.0551104 0.36276 
0.217372 -0.210967 -0.331237 
-0.0536552 0.452526 0.192824 
-0.0923142 -0.324227 0.531792 
-0.297362 -0.148016 0.128852 
-0.444298 -0.20186 0.184534 
-0.392126 0.171617 0.236032 
0.35079 -0.37058 0.33407 
-0.128076 -0.139179 0.531562 
-0.1813 0.11244 -0.403649 
-0.0676299 -0.0817345 0.348727 
0.339935 -0.0404637 -0.295943 
0.0146221 0.265209 0.16136 
0.256427 -0.295584 0.566685 
0.282032 0.352124 -0.31181 
-0.212775 0.257975 -0.112622 
0.441497 0.145782 0.172894 
0.190173 0.335489 0.473243 
-0.278715 -0.0590847 -0.0456762 
0.163451 -0.330138 0.598142 
0.552015 0.114522 -0.208796 
-0.046039 0.340669 0.174565 
0.574385 0.146647 -0.140968 
-0.339799 0.288006 -0.243371 
-0.129579 0.57889 -0.157511 
-0.427132 0.151966 -0.241111 
-0.461023 0.16683 -0.431681 
-0.24471 -0.344886 0.373122 
-0.24537 -0.367981 -0.17446 
0.332666 -0.383892 0.266861 
-0.109255 0.448524 -0.0106086 
0.453921 -0.0269737 -0.285979 
0.0977939 -0.263833 0.458191 
0.0318732 -0.383116 -0.241786 
0.429448 0.448241 0.0788856 
0.249904 -0.101182 -0.368624 
-0.247279 -0.0603073 -0.0831182 
-0.159759 0.477968 0.0534244 
-0.280776 -0.367061 0.143393 
0.14114 0.0435545 0.494321 
0.0565756 0.146298 -0.404501 
-0.241084 -0.204336 -0.559206 
0.276794 0.342587 0.251937 
0.343936 0.206183 0.0599264 
0.0448019 -0.224025 -0.294466 
0.543681 0.14056 -0.198599 
0.0201627 0.0642202 0.210742 
0.0751901 0.410529 -0.234162 
0.340291 0.217301 -0.518258 
0.436245 0.320268 0.129488 
-0.260796 -0.512638 0.211178 
-0.380506 0.394413 -0.207581 
0.491451 0.128251 -0.214612 
0.0658859 -0.460096 -0.20134 
-0.417614 -0.200116 -0.196352 
-0.279479 -0.141391 -0.21234 
0.3313 -0.0858451 0.452311 
0.364356 0.100021 0.451806 
0.035347 0.101674 0.627328 
0.404933 -0.397657 -0.236607 
0.309942 -0.382729 0.318323 
-0.259657 -0.575668 0.11698 
-0.344949 0.456601 -0.0789151 
-0.29 0.255616 -0.134865 
-0.0335127 0.433495 -0.13968 
-0.370421 0.137623 0.511177 
0.472063 -0.317552 -0.201363 
0.256372 -0.0967839 -0.478202 
0.0999791 0.370699 0.277941 
0.356912 0.392408 -0.153446 
0.0632638 -0.0978454 -0.468578 
-0.309538 -0.00416732 0.169296 
0.285807 0.122293 0.0706972 
0.0658528 0.000690474 -0.556921 
0.0298801 -0.238292 -0.56721 
0.0486717 -0.331297 -0.537934 
-0.0752118 -0.458786 0.476095 
0.502774 -0.420452 -0.118286 
-0.271469 -0.0576719 -0.0231203 
0.373879 -0.471878 -0.0847071 
-0.364158 -0.257793 0.279896 
-0.200604 -0.172347 -0.00602432 
0.147095 0.198878 0.29254 
0.140566 0.182592 0.633542 
0.304955 -0.0143156 -0.0220907 
0.536489 -0.0986192 -0.416948 
0.0509789 0.211978 0.140552 
-0.467412 0.163438 0.4174 
0.0929278 0.279511 0.639359 
0.224922 -0.00639264 0.0322656 
0.0989441 -0.650106 0.0835799 
0.271699 -0.342428 0.0272872 
0.210364 -0.0743177 -0.600434 
0.511927 -0.0770468 -0.379166 
0.354185 0.513995 0.142962 
0.515637 0.39204 0.0528134 
-0.181269 0.482458 0.375366 
0.582405 -0.241296 0.24813 
0.0311944 0.110561 0.159375 
0.142768 0.634264 0.138233 
-0.252746 -0.0713758 -0.308653 
-0.642974 -0.123534 0.0191197 
-0.542464 0.0746601 -0.0555321 
-0.582376 -0.0679783 0.405171 
0.0707782 0.250263 0.42268 
0.069484 0.277977 -0.0858361 
-0.528083 -0.387961 0.00122628 
-0.0558555 -0.289947 0.63461 
-0.0219983 0.401423 0.457729 
-0.0666055 -0.184663 -0.230535 
0.190906 -0.610212 0.143064 
0.333413 -0.11414 0.00940362 
0.112894 -0.415303 0.305899 
-0.100764 0.477572 -0.458533 
0.455413 -0.053608 0.175202 
-0.631378 0.0536252 -0.37047 
0.208303 0.508432 0.313655 
-0.235779 -0.284685 0.580912 
0.112233 0.362293 0.189817 
-0.0280148 0.209357 -0.646354 
-0.175957 0.438528 0.0400964 
0.0400287 0.302761 0.268981 
0.252262 -0.398032 0.131512 
0.179159 -0.50825 0.409912 
-0.156968 0.264609 -0.263636 
0.552163 0.0279434 0.190911 
-0.282981 -0.199911 -0.481846 
0.168899 0.4459 -0.468627 
0.0978251 0.138734 0.0994122 
0.10754 -0.296151 0.278671 
-0.0744376 0.137467 -0.0475232 
-0.0473697 -0.30581 0.330728 
0.342121 -0.401682 -0.331452 
-0.490307 -0.28917 0.1177 
0.188969 0.589388 -0.25847 
-0.0101882 -0.123668 0.214358 
-0.186795 0.158347 -0.264137 
-0.0549782 -0.524657 0.0629362 
0.115056 -0.555323 0.274383 
0.106545 0.452765 -0.271634 
0.112784 0.3387 0.605745 
0.27045 0.251166 0.493024 
0.136502 0.360809 -0.534182 
0.49596 -0.276201 0.274308 
0.208334 -0.126277 0.0225185 
-0.177874 -0.240279 0.605897 
0.223898 0.10531 -0.529289 
-0.363783 -0.487421 -0.0134384 
-0.290383 -0.0666312 0.352279 
-0.0339417 0.0804354 0.427917 
-0.099935 -0.374044 -0.322203 
-0.273416 0.351171 -0.163618 
-0.397251 -0.128947 -0.200321 
0.236075 0.0458979 0.425765 
0.629381 -0.00159033 -0.321437 
0.126752 0.521322 -0.410634 
-0.146608 0.188062 -0.376489 
0.412944 -0.541488 0.00235426 
-0.161188 0.208724 -0.357181 
0.211088 0.147099 0.577542 
-0.216951 0.0136178 -0.559815 
-0.280462 0.231103 -0.143357 
-0.442628 -0.109674 0.501177 
-0.260918 0.459254 0.268279 
-0.135509 0.556105 -0.28347 
0.506703 -0.267808 -0.24879 
0.507811 -0.299504 0.0712383 
0.0703223 -0.418724 0.513329 
0.00654952 0.568458 -0.131537 
0.104054 0.205203 0.147006 
0.269705 0.212575 -0.122592 
0.517998 -0.184303 0.0781009 
0.33144 -0.624788 0.0342404 
0.130985 0.421457 -0.275309 
0.438605 -0.0971162 -0.429771 
0.548001 0.0178412 0.0212791 
-0.367433 0.0616184 -0.123191 
0.147316 -0.201483 0.360444 
-0.072768 0.4918 0.408591 
-0.16211 -0.334963 -0.574846 
0.221345 -0.177535 0.479731 
-0.236808 -0.512745 -0.029135 
-0.0343864 0.258421 0.211214 
0.323542 -0.459285 -0.0869533 
-0.316658 -0.166303 -0.0922814 
0.235109 -0.0827813 0.0395344 
-0.474978 -0.140215 -0.240769 
0.494782 -0.257338 0.0247051 
-0.550992 -0.26202 0.211851 
-0.126125 0.535969 0.287887 
0.139128 -0.493206 0.227348 
0.0443599 -0.0529548 0.134804 
-0.375656 0.276859 0.148531 
-0.395115 -0.265302 0.248988 
-0.487849 0.0792931 -0.0924073 
0.48534 0.0874369 0.0810546 
-0.347403 0.556055 -0.19556 
-0.111387 -0.569618 -0.19635 
0.475718 -0.0152413 0.142601 
-0.399173 -0.0460086 -0.50953 
-0.340453 0.132749 -0.0951937 
-0.135175 0.398179 -0.440333 
-0.390496 0.493052 -0.129166 
0.116535 -0.619866 -0.174967 
-0.0826226 -0.385175 -0.169894 
-0.388912 0.587711 0.0307697 
0.123944 0.480709 0.265261 
0.248954 -0.146054 -0.502874 
0.411006 0.496029 -0.0536177 
-0.41543 -0.429478 0.148558 
-0.10672 0.0595743 0.564519 
0.366466 -0.410683 -0.10924 
-0.377527 0.316397 -0.0584196 
0.0474588 0.434326 -0.341759 
-0.437997 -0.100082 0.328109 
0.383358 -0.0332417 0.00263433 
0.130438 -0.103112 0.0355956 
0.0326514 0.193769 -0.278439 
-0.0886414 0.282293 -0.250758 
-0.163851 0.353359 0.093676 
-0.105067 0.497433 -0.219966 
0.12947 -0.224091 0.556461 
0.49752 -0.345319 -0.220778 
-0.270967 -0.500841 0.259952 
0.270836 0.123414 0.177019 
-0.491658 -0.0686628 0.408597 
-0.304717 0.513633 -0.0733419 
-0.0577167 0.121199 -0.56531 
0.34072 -0.261244 -0.0444119 
0.177342 0.499385 -0.333203 
-0.0463474 -0.157013 -0.00262339 
-0.49867 0.128165 -0.146842 
0.630119 -0.0245931 -0.1519 
-0.672495 0.044847 0.170066 
0.20192 -0.372164 0.121946 
0.0379686 -0.47898 0.311389 
0.514339 0.148663 -0.0847067 
0.122299 0.119126 -0.0921262 
0.632424 0.150609 0.205388 
0.050275 -0.642743 0.0762908 
-0.472144 0.525735 0.0807792 
-0.559999 0.0456889 -0.204057 
0.377891 0.129294 -0.198041 
-0.116428 0.20487 -0.601803 
-0.0922172 0.143472 -0.498574 
-0.111516 0.494606 -0.0119911 
0.0635065 0.282143 0.613347 
0.42415 -0.536213 0.140336 
0.0720512 0.400835 0.430587 
-0.380932 -0.300053 -0.405739 
0.212384 -0.33121 -0.014317 
0.34391 -0.487101 0.0938921 
-0.39724 -0.0736276 0.236868 
0.0333627 0.473312 -0.525644 
-0.00801931 -0.445933 -0.614206 
0.191329 0.123558 -0.21728 
0.0135703 -0.306087 -0.306444 
0.114085 -0.586111 -0.109328 
-0.0690404 -0.564577 0.19441 
-0.221776 0.199405 -0.294308 
-0.13942 0.576579 0.273547 
0.230196 -0.150468 -0.0787965 
-0.236903 0.161127 0.172118 
-0.319689 0.133784 0.0825943 
0.296829 0.236204 0.24804 
0.381063 0.403545 0.149094 
0.376734 -0.514897 -0.0341096 
-0.504654 0.250365 -0.217757 
-0.114962 0.043087 -0.165873 
-0.411664 -0.0383076 -0.3569 
-0.016265 0.0767339 0.395581 
0.479284 -0.0533587 -0.12724 
-0.555863 -0.0525669 -0.364734 
-0.0377654 0.0331436 -0.588058 
0.202543 -0.1306 -0.16667 
0.218714 0.105941 0.539255 
-0.086122 0.373458 -0.304162 
0.150522 0.136519 -0.340811 
0.0622868 -0.348458 0.453681 
0.345256 0.0614741 0.243802 
0.21244 0.493189 0.03339 
-0.0356862 -0.106523 0.463678 
-0.32039 -0.0423594 -0.163286 
-0.119342 -0.469501 0.00380083 
-0.284501 -0.518391 -0.0947146 
0.400262 0.142483 -0.0947661 
-0.0501286 -0.611577 -0.057944 
-0.0584686 -0.0808601 0.307538 
0.0978846 -0.222825 0.582876 
-0.136712 0.173186 0.03734 
-0.166952 -0.299914 0.504707 
0.193076 -0.110775 0.183165 
-0.36001 -0.0132023 0.135154 
-0.246376 -0.0285043 0.477002 
-0.34129 0.439955 0.131815 
0.28913 0.00969123 0.336617 
-0.601708 -0.165046 -0.227099 
0.454084 -0.108644 0.0102906 
-0.0713382 -0.185231 -0.333721 
-0.378331 0.659876 0.0482071 
-0.124814 -0.120554 -0.52124 
0.430513 -0.078865 0.0462627 
0.0956497 0.43569 0.519045 
-0.057544 -0.209572 -0.0490816 
0.332889 -0.222057 -0.0601692 
-0.188685 0.232857 0.469461 
0.275757 0.111229 0.0987584 
0.522825 0.340393 0.224695 
0.296511 -0.556317 -0.265747 
0.21095 -0.37335 0.0429716 
0.0549709 0.297708 -0.581335 
0.0066579 0.543113 -0.0166089 
-0.464984 -0.00299178 0.345126 
-0.359254 -0.45436 0.255913 
0.65068 -0.0567879 -0.394205 
0.0902328 0.360315 -0.0606569 
0.116398 -0.102042 -0.134315 
-0.365891 0.0138958 -0.246112 
-0.274096 0.121758 -0.567977 
-0.215195 0.451136 -0.0478047 
-0.152812 -0.421033 0.381022 
0.164579 0.52087 0.244964 
-0.154021 0.0152353 -0.065909 
0.176976 -0.0948565 0.0863403 
0.609259 0.0643278 0.355312 
-0.0361406 0.674232 -0.00479236 
0.343586 -0.264384 0.0539349 
0.313666 0.123851 0.041168 
-0.0639179 0.455448 0.575363 
0.0164342 -0.421411 0.0719152 
0.253698 0.576822 0.150246 
0.0627146 -0.387996 0.0111323 
-0.129709 0.398118 0.179793 
-0.421885 0.0765458 0.32071 
-0.113263 0.441418 -0.0159358 
-0.38893 -0.526369 -0.06975 
0.249607 0.312783 -0.167709 
0.58116 0.182625 -0.0423994 
-0.355315 0.135144 0.0988357 
-0.387276 0.666713 0.0394404 
0.163306 0.252521 -0.444687 
-0.345577 -0.176469 0.430904 
-0.495938 -0.19666 -0.0859543 
-0.138043 -0.207074 0.0292435 
-0.0297595 0.591743 0.120966 
-0.014091 -0.466492 -0.581196 
0.0912203 0.381126 0.597357 
-0.313869 0.391813 0.167009 
0.256991 0.199496 -0.0467525 
-0.442647 -0.33172 -0.197015 
0.0958671 0.0618272 -0.347701 
0.252354 0.407712 -0.409153 
0.299677 0.226932 -0.00778904 
-0.153357 -0.060931 0.33217 
